1772025874.0641973
1772026608.5317833
1772027253.034527
1772030542.0178702
1772031094.6457145
1772031094.954477
1772036168.681332
1772036172.5927198
1772038281.9923143
1772038547.2621424
1772045334.5518553
1772045339.0137691
1772045343.832285
1772046194.3696256
1772046221.5498202
1772046227.173405
1772046232.386585
1772047473.412873
1772048203.7083275
1772048769.7607594
1772083338.1746602
1772087582.8697252
1772088489.1843219
1772088684.2249646
1772113406.6861286
1772115267.2873473
1772115294.8006716
1772115438.9267085
1772117478.2984085
1772121771.4778242
1772122966.2760272
1772123328.2736332
1772127145.6689217
1772130749.8342311
1772131317.2148235
1772136206.709501
1772137865.5035152
1772138448.8101425
1772138628.7003767
1772139112.5457294
1772139400.7378712
1772139769.329398
1772140221.9786935
1772140696.3593135
1772141535.4179127
1772141599.0837224
1772141841.1387198
1772142286.0722263
1772142468.9844658
1772142759.8669457
1772143079.318168
1772143634.6919587
1772143647.6114771
1772143759.4799588
1772143778.4622576
1772143803.5329788
1772143992.3618038
1772144655.2734761
1772144715.9002817
1772145628.6696723
1772166540.2588184
1772166840.400645
1772167388.6129682
1772175109.6739347
1772175234.3684287
1772175359.954674
